/data/htwy_proj/aircraft-object-detection-api/htwy-obj-detection-api/static/data/images/test__4048389.1263585603_14719942.533524657_608_608_0_6825_12715.png 97.74 516.9455337524414 327.24979400634766 608 472.6075668334961
/data/htwy_proj/aircraft-object-detection-api/htwy-obj-detection-api/static/data/images/test__4048054.933835878_14720443.82230868_608_608_0_6825_12715.png 99.59 16.489269256591797 567.3637142181396 122.66481399536133 608
/data/htwy_proj/aircraft-object-detection-api/htwy-obj-detection-api/static/data/images/test__4048054.933835878_14720443.82230868_608_608_0_6825_12715.png 99.97 67.55303573608398 237.34556579589844 178.47644424438477 379.35914611816406
/data/htwy_proj/aircraft-object-detection-api/htwy-obj-detection-api/static/data/images/test__4048054.933835878_14720443.82230868_608_608_0_6825_12715.png 99.97 94.6788444519043 68.6213150024414 206.74153518676758 213.8443832397461
/data/htwy_proj/aircraft-object-detection-api/htwy-obj-detection-api/static/data/images/test__4048054.933835878_14720443.82230868_608_608_0_6825_12715.png 99.97 41.19540786743164 402.0237579345703 154.39867782592773 548.8954925537109
/data/htwy_proj/aircraft-object-detection-api/htwy-obj-detection-api/static/data/images/test__4047887.837574537_14720443.82230868_608_608_0_6825_12715.png 99.92 44.44357681274414 1 153.26169967651367 63.985788345336914
/data/htwy_proj/aircraft-object-detection-api/htwy-obj-detection-api/static/data/images/test__4047887.837574537_14720443.82230868_608_608_0_6825_12715.png 99.95 285.7838897705078 491.3287467956543 391.6500701904297 608
/data/htwy_proj/aircraft-object-detection-api/htwy-obj-detection-api/static/data/images/test__4047887.837574537_14720443.82230868_608_608_0_6825_12715.png 99.98 12.995414733886719 83.9002456665039 125.4472427368164 228.28670501708984
/data/htwy_proj/aircraft-object-detection-api/htwy-obj-detection-api/static/data/images/test__4047887.837574537_14719942.533524657_608_608_0_6825_12715.png 99.89 302.33780670166016 8.136100769042969 483.76229095458984 198.02103424072266
/data/htwy_proj/aircraft-object-detection-api/htwy-obj-detection-api/static/data/images/test__4048389.1263585603_14720109.629785998_608_608_0_6825_12715.png 64.45 29.88519287109375 328.99334716796875 159.2017822265625 475.40435791015625
/data/htwy_proj/aircraft-object-detection-api/htwy-obj-detection-api/static/data/images/test__4048054.933835878_14719942.533524657_608_608_0_6825_12715.png 99.94 308.0178756713867 498.75637435913086 484.51844024658203 608
/data/htwy_proj/aircraft-object-detection-api/htwy-obj-detection-api/static/data/images/test__4047887.837574537_14720276.726047339_608_608_0_6825_12715.png 99.85 529.3005409240723 1 608 64.87368965148926
/data/htwy_proj/aircraft-object-detection-api/htwy-obj-detection-api/static/data/images/test__4047887.837574537_14720276.726047339_608_608_0_6825_12715.png 99.96 498.4841499328613 85.16947937011719 606.6025199890137 226.73057556152344
/data/htwy_proj/aircraft-object-detection-api/htwy-obj-detection-api/static/data/images/test__4046383.971222467_14721613.496138068_608_608_0_6825_12715.png 99.94 314.5137519836426 190.46123504638672 428.9430351257324 321.02848052978516
/data/htwy_proj/aircraft-object-detection-api/htwy-obj-detection-api/static/data/images/test__4048054.933835878_14720276.726047339_608_608_0_6825_12715.png 99.65 577.0419082641602 56.10051727294922 608 211.60367584228516
/data/htwy_proj/aircraft-object-detection-api/htwy-obj-detection-api/static/data/images/test__4048054.933835878_14720276.726047339_608_608_0_6825_12715.png 99.87 495.7833442687988 566.3679122924805 603.7463188171387 608
/data/htwy_proj/aircraft-object-detection-api/htwy-obj-detection-api/static/data/images/test__4048054.933835878_14720276.726047339_608_608_0_6825_12715.png 99.89 552.3101825714111 229.47506713867188 608 381.4401550292969
/data/htwy_proj/aircraft-object-detection-api/htwy-obj-detection-api/static/data/images/test__4048054.933835878_14720276.726047339_608_608_0_6825_12715.png 99.95 523.9195861816406 401.92505645751953 608 548.439567565918
/data/htwy_proj/aircraft-object-detection-api/htwy-obj-detection-api/static/data/images/test__4047720.741313196_14720443.82230868_608_608_0_6825_12715.png 99.92 287.0933418273926 4.743370056152344 390.4465751647949 150.79834747314453
/data/htwy_proj/aircraft-object-detection-api/htwy-obj-detection-api/static/data/images/test__4048222.030097219_14720443.82230868_608_608_0_6825_12715.png 99.9 99.35675811767578 555.5027141571045 202.29085540771484 608
/data/htwy_proj/aircraft-object-detection-api/htwy-obj-detection-api/static/data/images/test__4048222.030097219_14720276.726047339_608_608_0_6825_12715.png 99.97 294.7894592285156 335.05757904052734 408.9155578613281 483.89774322509766
