/data/htwy_proj/aircraft-object-detection-api/htwy-obj-detection-api/static/data/images/test__4047720.741313196_14721112.207354045_608_608_0_6825_12715.png 99.93 303.5481605529785 1 411.204402923584 41.054758071899414
/data/htwy_proj/aircraft-object-detection-api/htwy-obj-detection-api/static/data/images/test__4047720.741313196_14721112.207354045_608_608_0_6825_12715.png 99.95 1 119.8185806274414 58.42238426208496 248.04338836669922
/data/htwy_proj/aircraft-object-detection-api/htwy-obj-detection-api/static/data/images/test__4047720.741313196_14721112.207354045_608_608_0_6825_12715.png 99.95 1.4637336730957031 259.2067680358887 36.618743896484375 372.4066352844238
/data/htwy_proj/aircraft-object-detection-api/htwy-obj-detection-api/static/data/images/test__4047720.741313196_14721112.207354045_608_608_0_6825_12715.png 99.96 281.83434295654297 54.657447814941406 392.48987579345703 166.78849029541016
/data/htwy_proj/aircraft-object-detection-api/htwy-obj-detection-api/static/data/images/test__4047887.837574537_14721112.207354045_608_608_0_6825_12715.png 99.96 303.8089027404785 411.5597839355469 411.617977142334 525.8736877441406
/data/htwy_proj/aircraft-object-detection-api/htwy-obj-detection-api/static/data/images/test__4047887.837574537_14721112.207354045_608_608_0_6825_12715.png 99.96 317.510440826416 282.81832122802734 430.5543785095215 399.95401763916016
/data/htwy_proj/aircraft-object-detection-api/htwy-obj-detection-api/static/data/images/test__4047887.837574537_14721112.207354045_608_608_0_6825_12715.png 99.97 1 359.9808464050293 96.62759017944336 478.6578254699707
/data/htwy_proj/aircraft-object-detection-api/htwy-obj-detection-api/static/data/images/test__4047887.837574537_14721112.207354045_608_608_0_6825_12715.png 99.97 9.771541595458984 235.80094146728516 121.62196731567383 350.17781829833984
/data/htwy_proj/aircraft-object-detection-api/htwy-obj-detection-api/static/data/images/test__4047887.837574537_14721112.207354045_608_608_0_6825_12715.png 99.97 283.5399703979492 540.3870620727539 392.6341018676758 607.2950668334961
/data/htwy_proj/aircraft-object-detection-api/htwy-obj-detection-api/static/data/images/test__4047887.837574537_14720945.111092703_608_608_0_6825_12715.png 99.97 495.72212982177734 235.6194839477539 607.1163711547852 352.2055892944336
/data/htwy_proj/aircraft-object-detection-api/htwy-obj-detection-api/static/data/images/test__4047887.837574537_14720945.111092703_608_608_0_6825_12715.png 99.98 473.56238555908203 362.3420524597168 582.789665222168 477.39885330200195
/data/htwy_proj/aircraft-object-detection-api/htwy-obj-detection-api/static/data/images/test__4047720.741313196_14720945.111092703_608_608_0_6825_12715.png 99.97 415.17840576171875 259.0466003417969 523.7119140625 372.7877502441406
/data/htwy_proj/aircraft-object-detection-api/htwy-obj-detection-api/static/data/images/test__4047720.741313196_14720945.111092703_608_608_0_6825_12715.png 99.97 433.52123641967773 124.42073822021484 544.6012001037598 241.82978057861328
