/data/htwy_proj/aircraft-object-detection-api/htwy-obj-detection-api/static/data/images/test__4046718.163745149_14721279.303615386_608_608_0_6825_12715.png 99.9 35.196205139160156 382.8362636566162 76.34371185302734 438.73960304260254
/data/htwy_proj/aircraft-object-detection-api/htwy-obj-detection-api/static/data/images/test__4049391.703926607_14721112.207354045_608_608_0_6825_12715.png 99.95 369.8306350708008 565.8476543426514 407.4442672729492 608
/data/htwy_proj/aircraft-object-detection-api/htwy-obj-detection-api/static/data/images/test__4049391.703926607_14721112.207354045_608_608_0_6825_12715.png 99.97 210.83173179626465 539.4275150299072 249.14010047912598 602.2867183685303
/data/htwy_proj/aircraft-object-detection-api/htwy-obj-detection-api/static/data/images/test__4049224.607665266_14720443.82230868_608_608_0_6825_12715.png 99.98 390.1279106140137 141.13791847229004 446.4419746398926 201.65749168395996
/data/htwy_proj/aircraft-object-detection-api/htwy-obj-detection-api/static/data/images/test__4049224.607665266_14720443.82230868_608_608_0_6825_12715.png 99.98 368.0790424346924 308.0892143249512 418.4386577606201 367.8982734680176
/data/htwy_proj/aircraft-object-detection-api/htwy-obj-detection-api/static/data/images/test__4049224.607665266_14720610.918570021_608_608_0_6825_12715.png 99.97 150.50494766235352 181.08271598815918 207.65563583374023 240.61885261535645
/data/htwy_proj/aircraft-object-detection-api/htwy-obj-detection-api/static/data/images/test__4049224.607665266_14720610.918570021_608_608_0_6825_12715.png 99.97 181.78550910949707 16.883230209350586 231.96208000183105 75.48081398010254
/data/htwy_proj/aircraft-object-detection-api/htwy-obj-detection-api/static/data/images/test__4049224.607665266_14720610.918570021_608_608_0_6825_12715.png 99.98 129.7213249206543 347.9902858734131 178.37666702270508 410.36768531799316
/data/htwy_proj/aircraft-object-detection-api/htwy-obj-detection-api/static/data/images/test__4049224.607665266_14720610.918570021_608_608_0_6825_12715.png 99.99 234.0159149169922 195.48461532592773 290.93031311035156 252.30713272094727
/data/htwy_proj/aircraft-object-detection-api/htwy-obj-detection-api/static/data/images/test__4049391.703926607_14720443.82230868_608_608_0_6825_12715.png 99.33 500.00133514404297 1 552.8132400512695 16.083357334136963
/data/htwy_proj/aircraft-object-detection-api/htwy-obj-detection-api/static/data/images/test__4049391.703926607_14720443.82230868_608_608_0_6825_12715.png 99.97 444.28956604003906 293.7482566833496 500.80979919433594 352.1822853088379
/data/htwy_proj/aircraft-object-detection-api/htwy-obj-detection-api/static/data/images/test__4049391.703926607_14720443.82230868_608_608_0_6825_12715.png 99.98 392.5969944000244 111.10572814941406 443.0286159515381 173.6530303955078
/data/htwy_proj/aircraft-object-detection-api/htwy-obj-detection-api/static/data/images/test__4049391.703926607_14720443.82230868_608_608_0_6825_12715.png 99.98 363.73085021972656 279.27068519592285 418.9010467529297 334.77618980407715
/data/htwy_proj/aircraft-object-detection-api/htwy-obj-detection-api/static/data/images/test__4049558.800187948_14720443.82230868_608_608_0_6825_12715.png 97.19 394.03669929504395 596.3907895088196 447.05924797058105 608
/data/htwy_proj/aircraft-object-detection-api/htwy-obj-detection-api/static/data/images/test__4049558.800187948_14720443.82230868_608_608_0_6825_12715.png 99.97 497.68621826171875 443.14990997314453 556.7103881835938 500.46141815185547
/data/htwy_proj/aircraft-object-detection-api/htwy-obj-detection-api/static/data/images/test__4049558.800187948_14720443.82230868_608_608_0_6825_12715.png 99.98 444.18431282043457 260.71727752685547 498.9636974334717 326.07862091064453
/data/htwy_proj/aircraft-object-detection-api/htwy-obj-detection-api/static/data/images/test__4049558.800187948_14720610.918570021_608_608_0_6825_12715.png 55.65 3.0767135620117188 604.319905757904 40.542179107666016 608
/data/htwy_proj/aircraft-object-detection-api/htwy-obj-detection-api/static/data/images/test__4049558.800187948_14720610.918570021_608_608_0_6825_12715.png 97.16 1 259.5000305175781 10.9268217086792 322.4878845214844
/data/htwy_proj/aircraft-object-detection-api/htwy-obj-detection-api/static/data/images/test__4049558.800187948_14720610.918570021_608_608_0_6825_12715.png 99.97 147.59385871887207 121.10981559753418 204.7418041229248 177.0976734161377
/data/htwy_proj/aircraft-object-detection-api/htwy-obj-detection-api/static/data/images/test__4049558.800187948_14720610.918570021_608_608_0_6825_12715.png 99.97 11.545940399169922 443.20594787597656 69.76968002319336 500.69273376464844
/data/htwy_proj/aircraft-object-detection-api/htwy-obj-detection-api/static/data/images/test__4049558.800187948_14720610.918570021_608_608_0_6825_12715.png 99.98 123.82409286499023 286.4728202819824 178.12045669555664 348.2180366516113
/data/htwy_proj/aircraft-object-detection-api/htwy-obj-detection-api/static/data/images/test__4049558.800187948_14720610.918570021_608_608_0_6825_12715.png 99.98 291.7343864440918 309.5520706176758 340.71245193481445 375.74889373779297
/data/htwy_proj/aircraft-object-detection-api/htwy-obj-detection-api/static/data/images/test__4046718.163745149_14721112.207354045_608_608_0_6825_12715.png 99.89 521.4565048217773 385.1605644226074 562.0801162719727 436.5507392883301
/data/htwy_proj/aircraft-object-detection-api/htwy-obj-detection-api/static/data/images/test__4049224.607665266_14721112.207354045_608_608_0_6825_12715.png 99.96 369.64460372924805 78.85718536376953 407.8934211730957 138.55413055419922
/data/htwy_proj/aircraft-object-detection-api/htwy-obj-detection-api/static/data/images/test__4049224.607665266_14721112.207354045_608_608_0_6825_12715.png 99.97 210.85892295837402 52.228519439697266 248.69704627990723 116.99424362182617
/data/htwy_proj/aircraft-object-detection-api/htwy-obj-detection-api/static/data/images/test__4049391.703926607_14720610.918570021_608_608_0_6825_12715.png 98.87 1 289.78833961486816 15.112998485565186 349.33983421325684
/data/htwy_proj/aircraft-object-detection-api/htwy-obj-detection-api/static/data/images/test__4049391.703926607_14720610.918570021_608_608_0_6825_12715.png 99.46 12.727197647094727 1 67.19960594177246 16.440496921539307
/data/htwy_proj/aircraft-object-detection-api/htwy-obj-detection-api/static/data/images/test__4049391.703926607_14720610.918570021_608_608_0_6825_12715.png 99.97 287.8998718261719 346.10762214660645 343.7724304199219 403.48686027526855
/data/htwy_proj/aircraft-object-detection-api/htwy-obj-detection-api/static/data/images/test__4049391.703926607_14720610.918570021_608_608_0_6825_12715.png 99.97 181.1936092376709 502.2281265258789 232.6417179107666 562.5251693725586
/data/htwy_proj/aircraft-object-detection-api/htwy-obj-detection-api/static/data/images/test__4049391.703926607_14720610.918570021_608_608_0_6825_12715.png 99.97 318.6905632019043 173.1195297241211 367.5611457824707 235.04395294189453
